(kicad_pcb (version 20200512) (host pcbnew "5.99.0-unknown-ad88874~101~ubuntu20.04.1")

  (general
    (thickness 1.6)
    (drawings 9)
    (tracks 162)
    (modules 15)
    (nets 19)
  )

  (paper "A4")
  (layers
    (0 "F.Cu" signal)
    (31 "B.Cu" signal)
    (32 "B.Adhes" user)
    (33 "F.Adhes" user)
    (34 "B.Paste" user)
    (35 "F.Paste" user)
    (36 "B.SilkS" user)
    (37 "F.SilkS" user)
    (38 "B.Mask" user)
    (39 "F.Mask" user)
    (40 "Dwgs.User" user)
    (41 "Cmts.User" user)
    (42 "Eco1.User" user)
    (43 "Eco2.User" user)
    (44 "Edge.Cuts" user)
    (45 "Margin" user)
    (46 "B.CrtYd" user)
    (47 "F.CrtYd" user)
    (48 "B.Fab" user)
    (49 "F.Fab" user)
  )

  (setup
    (stackup
      (layer "F.SilkS" (type "Top Silk Screen"))
      (layer "F.Paste" (type "Top Solder Paste"))
      (layer "F.Mask" (type "Top Solder Mask") (color "Green") (thickness 0.01))
      (layer "F.Cu" (type "copper") (thickness 0.035))
      (layer "dielectric 1" (type "core") (thickness 1.51) (material "FR4") (epsilon_r 4.5) (loss_tangent 0.02))
      (layer "B.Cu" (type "copper") (thickness 0.035))
      (layer "B.Mask" (type "Bottom Solder Mask") (color "Green") (thickness 0.01))
      (layer "B.Paste" (type "Bottom Solder Paste"))
      (layer "B.SilkS" (type "Bottom Silk Screen"))
      (copper_finish "None")
      (dielectric_constraints no)
    )
    (last_trace_width 0.25)
    (user_trace_width 0.5)
    (user_trace_width 1)
    (user_trace_width 2)
    (trace_clearance 0.2)
    (zone_clearance 0.508)
    (zone_45_only no)
    (trace_min 0.2)
    (clearance_min 0)
    (via_min_annulus 0.05)
    (via_min_size 0.4)
    (through_hole_min 0.3)
    (via_size 0.8)
    (via_drill 0.4)
    (uvia_size 0.3)
    (uvia_drill 0.1)
    (uvias_allowed no)
    (uvia_min_size 0.2)
    (uvia_min_drill 0.1)
    (max_error 0.005)
    (defaults
      (edge_clearance 0.01)
      (edge_cuts_line_width 0.05)
      (courtyard_line_width 0.05)
      (copper_line_width 0.2)
      (copper_text_dims (size 1.5 1.5) (thickness 0.3))
      (silk_line_width 0.12)
      (silk_text_dims (size 1 1) (thickness 0.15))
      (fab_layers_line_width 0.1)
      (fab_layers_text_dims (size 1 1) (thickness 0.15))
      (other_layers_line_width 0.1)
      (other_layers_text_dims (size 1 1) (thickness 0.15))
      (dimension_units 0)
      (dimension_precision 1)
    )
    (pad_size 1.524 1.524)
    (pad_drill 0.762)
    (pad_to_mask_clearance 0.05)
    (aux_axis_origin 0 0)
    (visible_elements FFFFFF7F)
    (pcbplotparams
      (layerselection 0x010fc_ffffffff)
      (usegerberextensions false)
      (usegerberattributes true)
      (usegerberadvancedattributes true)
      (creategerberjobfile true)
      (svguseinch false)
      (svgprecision 6)
      (excludeedgelayer true)
      (linewidth 0.100000)
      (plotframeref false)
      (viasonmask false)
      (mode 1)
      (useauxorigin false)
      (hpglpennumber 1)
      (hpglpenspeed 20)
      (hpglpendiameter 15.000000)
      (psnegative false)
      (psa4output false)
      (plotreference true)
      (plotvalue true)
      (plotinvisibletext false)
      (sketchpadsonfab false)
      (subtractmaskfromsilk false)
      (outputformat 1)
      (mirror false)
      (drillshape 0)
      (scaleselection 1)
      (outputdirectory "gerbs/")
    )
  )

  (net 0 "")
  (net 1 "+12V")
  (net 2 "GND")
  (net 3 "Net-(C1-Pad1)")
  (net 4 "Net-(C2-Pad1)")
  (net 5 "/VBOOT")
  (net 6 "/VCP")
  (net 7 "Net-(C6-Pad1)")
  (net 8 "Net-(D1-Pad1)")
  (net 9 "/ENA_B")
  (net 10 "/IN2_B")
  (net 11 "/IN1_B")
  (net 12 "/ENA_A")
  (net 13 "/IN2_A")
  (net 14 "/IN1_A")
  (net 15 "/M2_A")
  (net 16 "/M2_B")
  (net 17 "/M1_A")
  (net 18 "/M1_B")

  (net_class "Default" "This is the default net class."
    (clearance 0.2)
    (trace_width 0.25)
    (via_dia 0.8)
    (via_drill 0.4)
    (uvia_dia 0.3)
    (uvia_drill 0.1)
    (add_net "+12V")
    (add_net "/ENA_A")
    (add_net "/ENA_B")
    (add_net "/IN1_A")
    (add_net "/IN1_B")
    (add_net "/IN2_A")
    (add_net "/IN2_B")
    (add_net "/M1_A")
    (add_net "/M1_B")
    (add_net "/M2_A")
    (add_net "/M2_B")
    (add_net "/VBOOT")
    (add_net "/VCP")
    (add_net "GND")
    (add_net "Net-(C1-Pad1)")
    (add_net "Net-(C2-Pad1)")
    (add_net "Net-(C6-Pad1)")
    (add_net "Net-(D1-Pad1)")
  )

  (module "JBC_mechanical:PinHeader_2x12_P2.54mm_Horizontal" (layer "F.Cu") (tedit 5EBEBF45) (tstamp a71e3410-7010-43ca-8deb-50cf919810cb)
    (at 107 131.5 180)
    (descr "Through hole angled pin header, 2x12, 2.54mm pitch, 6mm pin length, double rows")
    (tags "Through hole angled pin header THT 2x12 2.54mm double row")
    (path "/00000000-0000-0000-0000-00005ec2fe6e")
    (fp_text reference "J1" (at 5.655 -2.27 180) (layer "F.SilkS")
      (effects (font (size 1 1) (thickness 0.15)))
    )
    (fp_text value "Conn_02x12_Odd_Even" (at 5.655 30.21 180) (layer "F.Fab")
      (effects (font (size 1 1) (thickness 0.15)))
    )
    (fp_line (start 4.675 -1.27) (end 6.58 -1.27) (layer "F.Fab") (width 0.1))
    (fp_line (start 6.58 -1.27) (end 6.58 29.21) (layer "F.Fab") (width 0.1))
    (fp_line (start 6.58 29.21) (end 4.04 29.21) (layer "F.Fab") (width 0.1))
    (fp_line (start 4.04 29.21) (end 4.04 -0.635) (layer "F.Fab") (width 0.1))
    (fp_line (start 4.04 -0.635) (end 4.675 -1.27) (layer "F.Fab") (width 0.1))
    (fp_line (start -0.32 -0.32) (end 4.04 -0.32) (layer "F.Fab") (width 0.1))
    (fp_line (start -0.32 -0.32) (end -0.32 0.32) (layer "F.Fab") (width 0.1))
    (fp_line (start -0.32 0.32) (end 4.04 0.32) (layer "F.Fab") (width 0.1))
    (fp_line (start -0.32 2.22) (end 4.04 2.22) (layer "F.Fab") (width 0.1))
    (fp_line (start -0.32 2.22) (end -0.32 2.86) (layer "F.Fab") (width 0.1))
    (fp_line (start -0.32 2.86) (end 4.04 2.86) (layer "F.Fab") (width 0.1))
    (fp_line (start -0.32 4.76) (end 4.04 4.76) (layer "F.Fab") (width 0.1))
    (fp_line (start -0.32 4.76) (end -0.32 5.4) (layer "F.Fab") (width 0.1))
    (fp_line (start -0.32 5.4) (end 4.04 5.4) (layer "F.Fab") (width 0.1))
    (fp_line (start -0.32 7.3) (end 4.04 7.3) (layer "F.Fab") (width 0.1))
    (fp_line (start -0.32 7.3) (end -0.32 7.94) (layer "F.Fab") (width 0.1))
    (fp_line (start -0.32 7.94) (end 4.04 7.94) (layer "F.Fab") (width 0.1))
    (fp_line (start -0.32 9.84) (end 4.04 9.84) (layer "F.Fab") (width 0.1))
    (fp_line (start -0.32 9.84) (end -0.32 10.48) (layer "F.Fab") (width 0.1))
    (fp_line (start -0.32 10.48) (end 4.04 10.48) (layer "F.Fab") (width 0.1))
    (fp_line (start -0.32 12.38) (end 4.04 12.38) (layer "F.Fab") (width 0.1))
    (fp_line (start -0.32 12.38) (end -0.32 13.02) (layer "F.Fab") (width 0.1))
    (fp_line (start -0.32 13.02) (end 4.04 13.02) (layer "F.Fab") (width 0.1))
    (fp_line (start -0.32 14.92) (end 4.04 14.92) (layer "F.Fab") (width 0.1))
    (fp_line (start -0.32 14.92) (end -0.32 15.56) (layer "F.Fab") (width 0.1))
    (fp_line (start -0.32 15.56) (end 4.04 15.56) (layer "F.Fab") (width 0.1))
    (fp_line (start -0.32 17.46) (end 4.04 17.46) (layer "F.Fab") (width 0.1))
    (fp_line (start -0.32 17.46) (end -0.32 18.1) (layer "F.Fab") (width 0.1))
    (fp_line (start -0.32 18.1) (end 4.04 18.1) (layer "F.Fab") (width 0.1))
    (fp_line (start -0.32 20) (end 4.04 20) (layer "F.Fab") (width 0.1))
    (fp_line (start -0.32 20) (end -0.32 20.64) (layer "F.Fab") (width 0.1))
    (fp_line (start -0.32 20.64) (end 4.04 20.64) (layer "F.Fab") (width 0.1))
    (fp_line (start -0.32 22.54) (end 4.04 22.54) (layer "F.Fab") (width 0.1))
    (fp_line (start -0.32 22.54) (end -0.32 23.18) (layer "F.Fab") (width 0.1))
    (fp_line (start -0.32 23.18) (end 4.04 23.18) (layer "F.Fab") (width 0.1))
    (fp_line (start -0.32 25.08) (end 4.04 25.08) (layer "F.Fab") (width 0.1))
    (fp_line (start -0.32 25.08) (end -0.32 25.72) (layer "F.Fab") (width 0.1))
    (fp_line (start -0.32 25.72) (end 4.04 25.72) (layer "F.Fab") (width 0.1))
    (fp_line (start -0.32 27.62) (end 4.04 27.62) (layer "F.Fab") (width 0.1))
    (fp_line (start -0.32 27.62) (end -0.32 28.26) (layer "F.Fab") (width 0.1))
    (fp_line (start -0.32 28.26) (end 4.04 28.26) (layer "F.Fab") (width 0.1))
    (fp_line (start 3.98 -1.33) (end 3.98 29.27) (layer "F.SilkS") (width 0.12))
    (fp_line (start 3.98 29.27) (end 6.64 29.27) (layer "F.SilkS") (width 0.12))
    (fp_line (start 6.64 29.27) (end 6.64 -1.33) (layer "F.SilkS") (width 0.12))
    (fp_line (start 6.64 -1.33) (end 3.98 -1.33) (layer "F.SilkS") (width 0.12))
    (fp_line (start 3.582929 -0.38) (end 3.98 -0.38) (layer "F.SilkS") (width 0.12))
    (fp_line (start 3.582929 0.38) (end 3.98 0.38) (layer "F.SilkS") (width 0.12))
    (fp_line (start 1.11 -0.38) (end 1.497071 -0.38) (layer "F.SilkS") (width 0.12))
    (fp_line (start 1.11 0.38) (end 1.497071 0.38) (layer "F.SilkS") (width 0.12))
    (fp_line (start 3.98 1.27) (end 6.64 1.27) (layer "F.SilkS") (width 0.12))
    (fp_line (start 3.582929 2.16) (end 3.98 2.16) (layer "F.SilkS") (width 0.12))
    (fp_line (start 3.582929 2.92) (end 3.98 2.92) (layer "F.SilkS") (width 0.12))
    (fp_line (start 1.042929 2.16) (end 1.497071 2.16) (layer "F.SilkS") (width 0.12))
    (fp_line (start 1.042929 2.92) (end 1.497071 2.92) (layer "F.SilkS") (width 0.12))
    (fp_line (start 3.98 3.81) (end 6.64 3.81) (layer "F.SilkS") (width 0.12))
    (fp_line (start 3.582929 4.7) (end 3.98 4.7) (layer "F.SilkS") (width 0.12))
    (fp_line (start 3.582929 5.46) (end 3.98 5.46) (layer "F.SilkS") (width 0.12))
    (fp_line (start 1.042929 4.7) (end 1.497071 4.7) (layer "F.SilkS") (width 0.12))
    (fp_line (start 1.042929 5.46) (end 1.497071 5.46) (layer "F.SilkS") (width 0.12))
    (fp_line (start 3.98 6.35) (end 6.64 6.35) (layer "F.SilkS") (width 0.12))
    (fp_line (start 3.582929 7.24) (end 3.98 7.24) (layer "F.SilkS") (width 0.12))
    (fp_line (start 3.582929 8) (end 3.98 8) (layer "F.SilkS") (width 0.12))
    (fp_line (start 1.042929 7.24) (end 1.497071 7.24) (layer "F.SilkS") (width 0.12))
    (fp_line (start 1.042929 8) (end 1.497071 8) (layer "F.SilkS") (width 0.12))
    (fp_line (start 3.98 8.89) (end 6.64 8.89) (layer "F.SilkS") (width 0.12))
    (fp_line (start 3.582929 9.78) (end 3.98 9.78) (layer "F.SilkS") (width 0.12))
    (fp_line (start 3.582929 10.54) (end 3.98 10.54) (layer "F.SilkS") (width 0.12))
    (fp_line (start 1.042929 9.78) (end 1.497071 9.78) (layer "F.SilkS") (width 0.12))
    (fp_line (start 1.042929 10.54) (end 1.497071 10.54) (layer "F.SilkS") (width 0.12))
    (fp_line (start 3.98 11.43) (end 6.64 11.43) (layer "F.SilkS") (width 0.12))
    (fp_line (start 3.582929 12.32) (end 3.98 12.32) (layer "F.SilkS") (width 0.12))
    (fp_line (start 3.582929 13.08) (end 3.98 13.08) (layer "F.SilkS") (width 0.12))
    (fp_line (start 1.042929 12.32) (end 1.497071 12.32) (layer "F.SilkS") (width 0.12))
    (fp_line (start 1.042929 13.08) (end 1.497071 13.08) (layer "F.SilkS") (width 0.12))
    (fp_line (start 3.98 13.97) (end 6.64 13.97) (layer "F.SilkS") (width 0.12))
    (fp_line (start 3.582929 14.86) (end 3.98 14.86) (layer "F.SilkS") (width 0.12))
    (fp_line (start 3.582929 15.62) (end 3.98 15.62) (layer "F.SilkS") (width 0.12))
    (fp_line (start 1.042929 14.86) (end 1.497071 14.86) (layer "F.SilkS") (width 0.12))
    (fp_line (start 1.042929 15.62) (end 1.497071 15.62) (layer "F.SilkS") (width 0.12))
    (fp_line (start 3.98 16.51) (end 6.64 16.51) (layer "F.SilkS") (width 0.12))
    (fp_line (start 3.582929 17.4) (end 3.98 17.4) (layer "F.SilkS") (width 0.12))
    (fp_line (start 3.582929 18.16) (end 3.98 18.16) (layer "F.SilkS") (width 0.12))
    (fp_line (start 1.042929 17.4) (end 1.497071 17.4) (layer "F.SilkS") (width 0.12))
    (fp_line (start 1.042929 18.16) (end 1.497071 18.16) (layer "F.SilkS") (width 0.12))
    (fp_line (start 3.98 19.05) (end 6.64 19.05) (layer "F.SilkS") (width 0.12))
    (fp_line (start 3.582929 19.94) (end 3.98 19.94) (layer "F.SilkS") (width 0.12))
    (fp_line (start 3.582929 20.7) (end 3.98 20.7) (layer "F.SilkS") (width 0.12))
    (fp_line (start 1.042929 19.94) (end 1.497071 19.94) (layer "F.SilkS") (width 0.12))
    (fp_line (start 1.042929 20.7) (end 1.497071 20.7) (layer "F.SilkS") (width 0.12))
    (fp_line (start 3.98 21.59) (end 6.64 21.59) (layer "F.SilkS") (width 0.12))
    (fp_line (start 3.582929 22.48) (end 3.98 22.48) (layer "F.SilkS") (width 0.12))
    (fp_line (start 3.582929 23.24) (end 3.98 23.24) (layer "F.SilkS") (width 0.12))
    (fp_line (start 1.042929 22.48) (end 1.497071 22.48) (layer "F.SilkS") (width 0.12))
    (fp_line (start 1.042929 23.24) (end 1.497071 23.24) (layer "F.SilkS") (width 0.12))
    (fp_line (start 3.98 24.13) (end 6.64 24.13) (layer "F.SilkS") (width 0.12))
    (fp_line (start 3.582929 25.02) (end 3.98 25.02) (layer "F.SilkS") (width 0.12))
    (fp_line (start 3.582929 25.78) (end 3.98 25.78) (layer "F.SilkS") (width 0.12))
    (fp_line (start 1.042929 25.02) (end 1.497071 25.02) (layer "F.SilkS") (width 0.12))
    (fp_line (start 1.042929 25.78) (end 1.497071 25.78) (layer "F.SilkS") (width 0.12))
    (fp_line (start 3.98 26.67) (end 6.64 26.67) (layer "F.SilkS") (width 0.12))
    (fp_line (start 3.582929 27.56) (end 3.98 27.56) (layer "F.SilkS") (width 0.12))
    (fp_line (start 3.582929 28.32) (end 3.98 28.32) (layer "F.SilkS") (width 0.12))
    (fp_line (start 1.042929 27.56) (end 1.497071 27.56) (layer "F.SilkS") (width 0.12))
    (fp_line (start 1.042929 28.32) (end 1.497071 28.32) (layer "F.SilkS") (width 0.12))
    (fp_line (start -1.27 0) (end -1.27 -1.27) (layer "F.SilkS") (width 0.12))
    (fp_line (start -1.27 -1.27) (end 0 -1.27) (layer "F.SilkS") (width 0.12))
    (fp_line (start -1.8 -1.8) (end -1.8 29.75) (layer "F.CrtYd") (width 0.05))
    (fp_line (start -1.8 29.75) (end 13.1 29.75) (layer "F.CrtYd") (width 0.05))
    (fp_line (start 13.1 29.75) (end 13.1 -1.8) (layer "F.CrtYd") (width 0.05))
    (fp_line (start 13.1 -1.8) (end -1.8 -1.8) (layer "F.CrtYd") (width 0.05))
    (fp_text user "${REFERENCE}" (at 5.31 13.97 270) (layer "F.Fab")
      (effects (font (size 1 1) (thickness 0.15)))
    )
    (pad "1" thru_hole rect (at 0 0 180) (size 1.7 1.7) (drill 1) (layers *.Cu *.Mask)
      (net 18 "/M1_B") (pinfunction "Pin_1") (tstamp 23428d9d-6697-4179-a0b5-a7b482c57347))
    (pad "2" thru_hole oval (at 2.54 0 180) (size 1.7 1.7) (drill 1) (layers *.Cu *.Mask)
      (net 17 "/M1_A") (pinfunction "Pin_2") (tstamp bb85e290-4380-45e7-9ae5-25bb303170e9))
    (pad "3" thru_hole oval (at 0 2.54 180) (size 1.7 1.7) (drill 1) (layers *.Cu *.Mask)
      (net 16 "/M2_B") (pinfunction "Pin_3") (tstamp 12f954c4-c7b1-491b-b489-919603f92cb7))
    (pad "4" thru_hole oval (at 2.54 2.54 180) (size 1.7 1.7) (drill 1) (layers *.Cu *.Mask)
      (net 15 "/M2_A") (pinfunction "Pin_4") (tstamp 1099d100-1a65-43c7-8ef7-f397d8f13875))
    (pad "5" thru_hole oval (at 0 5.08 180) (size 1.7 1.7) (drill 1) (layers *.Cu *.Mask)
      (net 2 "GND") (pinfunction "Pin_5") (tstamp 7984de6c-48ea-4d31-9e62-5408d83ee5a7))
    (pad "6" thru_hole oval (at 2.54 5.08 180) (size 1.7 1.7) (drill 1) (layers *.Cu *.Mask)
      (net 2 "GND") (pinfunction "Pin_6") (tstamp ae31e954-a330-40c5-9c12-2d5cf22b42ce))
    (pad "7" thru_hole oval (at 0 7.62 180) (size 1.7 1.7) (drill 1) (layers *.Cu *.Mask)
      (pinfunction "Pin_7") (tstamp 68e1721d-b50a-493d-be93-a63ee04b3b4c))
    (pad "8" thru_hole oval (at 2.54 7.62 180) (size 1.7 1.7) (drill 1) (layers *.Cu *.Mask)
      (net 14 "/IN1_A") (pinfunction "Pin_8") (tstamp e964e8a5-9258-49d9-9d10-b66028ebdad5))
    (pad "9" thru_hole oval (at 0 10.16 180) (size 1.7 1.7) (drill 1) (layers *.Cu *.Mask)
      (net 2 "GND") (pinfunction "Pin_9") (tstamp 6c3b1be3-d2f5-4912-b4c9-c71882e127c9))
    (pad "10" thru_hole oval (at 2.54 10.16 180) (size 1.7 1.7) (drill 1) (layers *.Cu *.Mask)
      (net 13 "/IN2_A") (pinfunction "Pin_10") (tstamp 81db08b7-b496-44a1-8bcd-194ffed445e2))
    (pad "11" thru_hole oval (at 0 12.7 180) (size 1.7 1.7) (drill 1) (layers *.Cu *.Mask)
      (net 2 "GND") (pinfunction "Pin_11") (tstamp 1d7a7698-5631-4748-9a21-c1818f60b6ab))
    (pad "12" thru_hole oval (at 2.54 12.7 180) (size 1.7 1.7) (drill 1) (layers *.Cu *.Mask)
      (net 12 "/ENA_A") (pinfunction "Pin_12") (tstamp 7705e87c-c787-40ad-b16d-6a4e26d1c609))
    (pad "13" thru_hole oval (at 0 15.24 180) (size 1.7 1.7) (drill 1) (layers *.Cu *.Mask)
      (net 2 "GND") (pinfunction "Pin_13") (tstamp 8f66d6e6-78fa-44f4-b70c-b187b3569bc6))
    (pad "14" thru_hole oval (at 2.54 15.24 180) (size 1.7 1.7) (drill 1) (layers *.Cu *.Mask)
      (net 11 "/IN1_B") (pinfunction "Pin_14") (tstamp 0a374f1d-641b-41e3-a2b9-d5f371bcd650))
    (pad "15" thru_hole oval (at 0 17.78 180) (size 1.7 1.7) (drill 1) (layers *.Cu *.Mask)
      (net 2 "GND") (pinfunction "Pin_15") (tstamp 859f1d55-f02e-442f-86b9-43ed20e8a607))
    (pad "16" thru_hole oval (at 2.54 17.78 180) (size 1.7 1.7) (drill 1) (layers *.Cu *.Mask)
      (net 10 "/IN2_B") (pinfunction "Pin_16") (tstamp da2d3c38-d492-4313-8851-d57f0a6bb6f4))
    (pad "17" thru_hole oval (at 0 20.32 180) (size 1.7 1.7) (drill 1) (layers *.Cu *.Mask)
      (net 2 "GND") (pinfunction "Pin_17") (tstamp 684e11e9-5cc2-4ea3-9b10-0e49fbd3347b))
    (pad "18" thru_hole oval (at 2.54 20.32 180) (size 1.7 1.7) (drill 1) (layers *.Cu *.Mask)
      (net 9 "/ENA_B") (pinfunction "Pin_18") (tstamp 3e6c1ede-7fdd-4ff7-a7bb-2bad721e94ca))
    (pad "19" thru_hole oval (at 0 22.86 180) (size 1.7 1.7) (drill 1) (layers *.Cu *.Mask)
      (net 2 "GND") (pinfunction "Pin_19") (tstamp feaeeeee-5c4f-4255-814a-3e45a4f15afe))
    (pad "20" thru_hole oval (at 2.54 22.86 180) (size 1.7 1.7) (drill 1) (layers *.Cu *.Mask)
      (net 2 "GND") (pinfunction "Pin_20") (tstamp a711e19c-0ffe-49e3-b5ec-eaee3860a8d6))
    (pad "21" thru_hole oval (at 0 25.4 180) (size 1.7 1.7) (drill 1) (layers *.Cu *.Mask)
      (net 1 "+12V") (pinfunction "Pin_21") (tstamp e32bda90-06b4-4f28-8ef1-825fde21ae10))
    (pad "22" thru_hole oval (at 2.54 25.4 180) (size 1.7 1.7) (drill 1) (layers *.Cu *.Mask)
      (net 1 "+12V") (pinfunction "Pin_22") (tstamp 32ece5be-e05a-403e-ba5d-819941469779))
    (pad "23" thru_hole oval (at 0 27.94 180) (size 1.7 1.7) (drill 1) (layers *.Cu *.Mask)
      (net 1 "+12V") (pinfunction "Pin_23") (tstamp 43a0cb23-56fc-462f-8c5c-8c5b74134a23))
    (pad "24" thru_hole oval (at 2.54 27.94 180) (size 1.7 1.7) (drill 1) (layers *.Cu *.Mask)
      (net 1 "+12V") (pinfunction "Pin_24") (tstamp 7ec38ee6-0412-414e-af16-3f600978ec42))
    (model "${KISYS3DMOD}/Connector_PinHeader_2.54mm.3dshapes/PinHeader_2x12_P2.54mm_Horizontal.wrl"
      (at (xyz 0 0 0))
      (scale (xyz 1 1 1))
      (rotate (xyz 0 0 0))
    )
  )

  (module "Capacitor_SMD:C_0603_1608Metric" (layer "F.Cu") (tedit 5B301BBE) (tstamp e48f1ea1-1b0a-4777-9d8a-50bd688ddf15)
    (at 129.9625 114.825)
    (descr "Capacitor SMD 0603 (1608 Metric), square (rectangular) end terminal, IPC_7351 nominal, (Body size source: http://www.tortai-tech.com/upload/download/2011102023233369053.pdf), generated with kicad-footprint-generator")
    (tags "capacitor")
    (path "/00000000-0000-0000-0000-00005ec5feea")
    (attr smd)
    (fp_text reference "C1" (at -2.5375 0) (layer "F.SilkS")
      (effects (font (size 1 1) (thickness 0.15)))
    )
    (fp_text value "5.6nF" (at 3.5 0) (layer "F.Fab")
      (effects (font (size 1 1) (thickness 0.15)))
    )
    (fp_line (start -0.8 0.4) (end -0.8 -0.4) (layer "F.Fab") (width 0.1))
    (fp_line (start -0.8 -0.4) (end 0.8 -0.4) (layer "F.Fab") (width 0.1))
    (fp_line (start 0.8 -0.4) (end 0.8 0.4) (layer "F.Fab") (width 0.1))
    (fp_line (start 0.8 0.4) (end -0.8 0.4) (layer "F.Fab") (width 0.1))
    (fp_line (start -0.162779 -0.51) (end 0.162779 -0.51) (layer "F.SilkS") (width 0.12))
    (fp_line (start -0.162779 0.51) (end 0.162779 0.51) (layer "F.SilkS") (width 0.12))
    (fp_line (start -1.48 0.73) (end -1.48 -0.73) (layer "F.CrtYd") (width 0.05))
    (fp_line (start -1.48 -0.73) (end 1.48 -0.73) (layer "F.CrtYd") (width 0.05))
    (fp_line (start 1.48 -0.73) (end 1.48 0.73) (layer "F.CrtYd") (width 0.05))
    (fp_line (start 1.48 0.73) (end -1.48 0.73) (layer "F.CrtYd") (width 0.05))
    (fp_text user "${REFERENCE}" (at 0 0) (layer "F.Fab")
      (effects (font (size 0.4 0.4) (thickness 0.06)))
    )
    (pad "1" smd roundrect (at -0.7875 0) (size 0.875 0.95) (layers "F.Cu" "F.Paste" "F.Mask") (roundrect_rratio 0.25)
      (net 3 "Net-(C1-Pad1)") (tstamp 7ddb60da-950c-4f15-9a3c-0fb725f144dc))
    (pad "2" smd roundrect (at 0.7875 0) (size 0.875 0.95) (layers "F.Cu" "F.Paste" "F.Mask") (roundrect_rratio 0.25)
      (net 2 "GND") (tstamp 02965857-1dcd-4bd6-9c2e-782c356221ab))
    (model "${KISYS3DMOD}/Capacitor_SMD.3dshapes/C_0603_1608Metric.wrl"
      (at (xyz 0 0 0))
      (scale (xyz 1 1 1))
      (rotate (xyz 0 0 0))
    )
  )

  (module "Capacitor_SMD:C_0603_1608Metric" (layer "F.Cu") (tedit 5B301BBE) (tstamp 5eca8018-780f-4bb0-9594-34c61e10ea67)
    (at 130.2125 126.25)
    (descr "Capacitor SMD 0603 (1608 Metric), square (rectangular) end terminal, IPC_7351 nominal, (Body size source: http://www.tortai-tech.com/upload/download/2011102023233369053.pdf), generated with kicad-footprint-generator")
    (tags "capacitor")
    (path "/00000000-0000-0000-0000-00005ec602b3")
    (attr smd)
    (fp_text reference "C2" (at -2.75 0) (layer "F.SilkS")
      (effects (font (size 1 1) (thickness 0.15)))
    )
    (fp_text value "5.6nF" (at 0 1.43) (layer "F.Fab")
      (effects (font (size 1 1) (thickness 0.15)))
    )
    (fp_text user "${REFERENCE}" (at 0 0) (layer "F.Fab")
      (effects (font (size 0.4 0.4) (thickness 0.06)))
    )
    (fp_line (start 1.48 0.73) (end -1.48 0.73) (layer "F.CrtYd") (width 0.05))
    (fp_line (start 1.48 -0.73) (end 1.48 0.73) (layer "F.CrtYd") (width 0.05))
    (fp_line (start -1.48 -0.73) (end 1.48 -0.73) (layer "F.CrtYd") (width 0.05))
    (fp_line (start -1.48 0.73) (end -1.48 -0.73) (layer "F.CrtYd") (width 0.05))
    (fp_line (start -0.162779 0.51) (end 0.162779 0.51) (layer "F.SilkS") (width 0.12))
    (fp_line (start -0.162779 -0.51) (end 0.162779 -0.51) (layer "F.SilkS") (width 0.12))
    (fp_line (start 0.8 0.4) (end -0.8 0.4) (layer "F.Fab") (width 0.1))
    (fp_line (start 0.8 -0.4) (end 0.8 0.4) (layer "F.Fab") (width 0.1))
    (fp_line (start -0.8 -0.4) (end 0.8 -0.4) (layer "F.Fab") (width 0.1))
    (fp_line (start -0.8 0.4) (end -0.8 -0.4) (layer "F.Fab") (width 0.1))
    (pad "2" smd roundrect (at 0.7875 0) (size 0.875 0.95) (layers "F.Cu" "F.Paste" "F.Mask") (roundrect_rratio 0.25)
      (net 2 "GND") (tstamp 02965857-1dcd-4bd6-9c2e-782c356221ab))
    (pad "1" smd roundrect (at -0.7875 0) (size 0.875 0.95) (layers "F.Cu" "F.Paste" "F.Mask") (roundrect_rratio 0.25)
      (net 4 "Net-(C2-Pad1)") (tstamp 7ddb60da-950c-4f15-9a3c-0fb725f144dc))
    (model "${KISYS3DMOD}/Capacitor_SMD.3dshapes/C_0603_1608Metric.wrl"
      (at (xyz 0 0 0))
      (scale (xyz 1 1 1))
      (rotate (xyz 0 0 0))
    )
  )

  (module "Capacitor_SMD:C_0603_1608Metric" (layer "F.Cu") (tedit 5B301BBE) (tstamp 5cebd206-0ebe-491e-b839-801aef211f45)
    (at 124.2125 101.25 180)
    (descr "Capacitor SMD 0603 (1608 Metric), square (rectangular) end terminal, IPC_7351 nominal, (Body size source: http://www.tortai-tech.com/upload/download/2011102023233369053.pdf), generated with kicad-footprint-generator")
    (tags "capacitor")
    (path "/00000000-0000-0000-0000-00005ec6cc5a")
    (attr smd)
    (fp_text reference "C3" (at 2.4625 0) (layer "F.SilkS")
      (effects (font (size 1 1) (thickness 0.15)))
    )
    (fp_text value "100nF" (at 0 1.43) (layer "F.Fab")
      (effects (font (size 1 1) (thickness 0.15)))
    )
    (fp_text user "${REFERENCE}" (at 0 0) (layer "F.Fab")
      (effects (font (size 0.4 0.4) (thickness 0.06)))
    )
    (fp_line (start 1.48 0.73) (end -1.48 0.73) (layer "F.CrtYd") (width 0.05))
    (fp_line (start 1.48 -0.73) (end 1.48 0.73) (layer "F.CrtYd") (width 0.05))
    (fp_line (start -1.48 -0.73) (end 1.48 -0.73) (layer "F.CrtYd") (width 0.05))
    (fp_line (start -1.48 0.73) (end -1.48 -0.73) (layer "F.CrtYd") (width 0.05))
    (fp_line (start -0.162779 0.51) (end 0.162779 0.51) (layer "F.SilkS") (width 0.12))
    (fp_line (start -0.162779 -0.51) (end 0.162779 -0.51) (layer "F.SilkS") (width 0.12))
    (fp_line (start 0.8 0.4) (end -0.8 0.4) (layer "F.Fab") (width 0.1))
    (fp_line (start 0.8 -0.4) (end 0.8 0.4) (layer "F.Fab") (width 0.1))
    (fp_line (start -0.8 -0.4) (end 0.8 -0.4) (layer "F.Fab") (width 0.1))
    (fp_line (start -0.8 0.4) (end -0.8 -0.4) (layer "F.Fab") (width 0.1))
    (pad "2" smd roundrect (at 0.7875 0 180) (size 0.875 0.95) (layers "F.Cu" "F.Paste" "F.Mask") (roundrect_rratio 0.25)
      (net 2 "GND") (tstamp 02965857-1dcd-4bd6-9c2e-782c356221ab))
    (pad "1" smd roundrect (at -0.7875 0 180) (size 0.875 0.95) (layers "F.Cu" "F.Paste" "F.Mask") (roundrect_rratio 0.25)
      (net 1 "+12V") (tstamp 7ddb60da-950c-4f15-9a3c-0fb725f144dc))
    (model "${KISYS3DMOD}/Capacitor_SMD.3dshapes/C_0603_1608Metric.wrl"
      (at (xyz 0 0 0))
      (scale (xyz 1 1 1))
      (rotate (xyz 0 0 0))
    )
  )

  (module "Capacitor_SMD:C_0603_1608Metric" (layer "F.Cu") (tedit 5B301BBE) (tstamp 5a397d43-0689-4ab0-938c-71d7aedfa6f4)
    (at 124.2125 103 180)
    (descr "Capacitor SMD 0603 (1608 Metric), square (rectangular) end terminal, IPC_7351 nominal, (Body size source: http://www.tortai-tech.com/upload/download/2011102023233369053.pdf), generated with kicad-footprint-generator")
    (tags "capacitor")
    (path "/00000000-0000-0000-0000-00005ec767aa")
    (attr smd)
    (fp_text reference "C5" (at 2.4625 0.05) (layer "F.SilkS")
      (effects (font (size 1 1) (thickness 0.15)))
    )
    (fp_text value "110nF" (at 0 1.43) (layer "F.Fab")
      (effects (font (size 1 1) (thickness 0.15)))
    )
    (fp_text user "${REFERENCE}" (at 0 0) (layer "F.Fab")
      (effects (font (size 0.4 0.4) (thickness 0.06)))
    )
    (fp_line (start 1.48 0.73) (end -1.48 0.73) (layer "F.CrtYd") (width 0.05))
    (fp_line (start 1.48 -0.73) (end 1.48 0.73) (layer "F.CrtYd") (width 0.05))
    (fp_line (start -1.48 -0.73) (end 1.48 -0.73) (layer "F.CrtYd") (width 0.05))
    (fp_line (start -1.48 0.73) (end -1.48 -0.73) (layer "F.CrtYd") (width 0.05))
    (fp_line (start -0.162779 0.51) (end 0.162779 0.51) (layer "F.SilkS") (width 0.12))
    (fp_line (start -0.162779 -0.51) (end 0.162779 -0.51) (layer "F.SilkS") (width 0.12))
    (fp_line (start 0.8 0.4) (end -0.8 0.4) (layer "F.Fab") (width 0.1))
    (fp_line (start 0.8 -0.4) (end 0.8 0.4) (layer "F.Fab") (width 0.1))
    (fp_line (start -0.8 -0.4) (end 0.8 -0.4) (layer "F.Fab") (width 0.1))
    (fp_line (start -0.8 0.4) (end -0.8 -0.4) (layer "F.Fab") (width 0.1))
    (pad "2" smd roundrect (at 0.7875 0 180) (size 0.875 0.95) (layers "F.Cu" "F.Paste" "F.Mask") (roundrect_rratio 0.25)
      (net 5 "/VBOOT") (tstamp 02965857-1dcd-4bd6-9c2e-782c356221ab))
    (pad "1" smd roundrect (at -0.7875 0 180) (size 0.875 0.95) (layers "F.Cu" "F.Paste" "F.Mask") (roundrect_rratio 0.25)
      (net 1 "+12V") (tstamp 7ddb60da-950c-4f15-9a3c-0fb725f144dc))
    (model "${KISYS3DMOD}/Capacitor_SMD.3dshapes/C_0603_1608Metric.wrl"
      (at (xyz 0 0 0))
      (scale (xyz 1 1 1))
      (rotate (xyz 0 0 0))
    )
  )

  (module "Capacitor_SMD:C_0603_1608Metric" (layer "F.Cu") (tedit 5B301BBE) (tstamp 55300522-12a6-4752-98f2-6969e8d17645)
    (at 124.2 106)
    (descr "Capacitor SMD 0603 (1608 Metric), square (rectangular) end terminal, IPC_7351 nominal, (Body size source: http://www.tortai-tech.com/upload/download/2011102023233369053.pdf), generated with kicad-footprint-generator")
    (tags "capacitor")
    (path "/00000000-0000-0000-0000-00005ec7bd6d")
    (attr smd)
    (fp_text reference "C6" (at -2.4625 0) (layer "F.SilkS")
      (effects (font (size 1 1) (thickness 0.15)))
    )
    (fp_text value "10nF" (at 0 1.43) (layer "F.Fab")
      (effects (font (size 1 1) (thickness 0.15)))
    )
    (fp_text user "${REFERENCE}" (at 0 0) (layer "F.Fab")
      (effects (font (size 0.4 0.4) (thickness 0.06)))
    )
    (fp_line (start 1.48 0.73) (end -1.48 0.73) (layer "F.CrtYd") (width 0.05))
    (fp_line (start 1.48 -0.73) (end 1.48 0.73) (layer "F.CrtYd") (width 0.05))
    (fp_line (start -1.48 -0.73) (end 1.48 -0.73) (layer "F.CrtYd") (width 0.05))
    (fp_line (start -1.48 0.73) (end -1.48 -0.73) (layer "F.CrtYd") (width 0.05))
    (fp_line (start -0.162779 0.51) (end 0.162779 0.51) (layer "F.SilkS") (width 0.12))
    (fp_line (start -0.162779 -0.51) (end 0.162779 -0.51) (layer "F.SilkS") (width 0.12))
    (fp_line (start 0.8 0.4) (end -0.8 0.4) (layer "F.Fab") (width 0.1))
    (fp_line (start 0.8 -0.4) (end 0.8 0.4) (layer "F.Fab") (width 0.1))
    (fp_line (start -0.8 -0.4) (end 0.8 -0.4) (layer "F.Fab") (width 0.1))
    (fp_line (start -0.8 0.4) (end -0.8 -0.4) (layer "F.Fab") (width 0.1))
    (pad "2" smd roundrect (at 0.7875 0) (size 0.875 0.95) (layers "F.Cu" "F.Paste" "F.Mask") (roundrect_rratio 0.25)
      (net 6 "/VCP") (tstamp 02965857-1dcd-4bd6-9c2e-782c356221ab))
    (pad "1" smd roundrect (at -0.7875 0) (size 0.875 0.95) (layers "F.Cu" "F.Paste" "F.Mask") (roundrect_rratio 0.25)
      (net 7 "Net-(C6-Pad1)") (tstamp 7ddb60da-950c-4f15-9a3c-0fb725f144dc))
    (model "${KISYS3DMOD}/Capacitor_SMD.3dshapes/C_0603_1608Metric.wrl"
      (at (xyz 0 0 0))
      (scale (xyz 1 1 1))
      (rotate (xyz 0 0 0))
    )
  )

  (module "Resistor_SMD:R_0603_1608Metric" (layer "F.Cu") (tedit 5B301BBD) (tstamp d73926e5-85fa-42ce-824f-b45aaf1f5936)
    (at 129.9625 116.575 180)
    (descr "Resistor SMD 0603 (1608 Metric), square (rectangular) end terminal, IPC_7351 nominal, (Body size source: http://www.tortai-tech.com/upload/download/2011102023233369053.pdf), generated with kicad-footprint-generator")
    (tags "resistor")
    (path "/00000000-0000-0000-0000-00005ec5e93c")
    (attr smd)
    (fp_text reference "R1" (at 2.5375 0 unlocked) (layer "F.SilkS")
      (effects (font (size 1 1) (thickness 0.15)))
    )
    (fp_text value "100k" (at -3.4625 0 unlocked) (layer "F.Fab")
      (effects (font (size 1 1) (thickness 0.15)))
    )
    (fp_line (start -0.8 0.4) (end -0.8 -0.4) (layer "F.Fab") (width 0.1))
    (fp_line (start -0.8 -0.4) (end 0.8 -0.4) (layer "F.Fab") (width 0.1))
    (fp_line (start 0.8 -0.4) (end 0.8 0.4) (layer "F.Fab") (width 0.1))
    (fp_line (start 0.8 0.4) (end -0.8 0.4) (layer "F.Fab") (width 0.1))
    (fp_line (start -0.162779 -0.51) (end 0.162779 -0.51) (layer "F.SilkS") (width 0.12))
    (fp_line (start -0.162779 0.51) (end 0.162779 0.51) (layer "F.SilkS") (width 0.12))
    (fp_line (start -1.48 0.73) (end -1.48 -0.73) (layer "F.CrtYd") (width 0.05))
    (fp_line (start -1.48 -0.73) (end 1.48 -0.73) (layer "F.CrtYd") (width 0.05))
    (fp_line (start 1.48 -0.73) (end 1.48 0.73) (layer "F.CrtYd") (width 0.05))
    (fp_line (start 1.48 0.73) (end -1.48 0.73) (layer "F.CrtYd") (width 0.05))
    (fp_text user "${REFERENCE}" (at 0 0) (layer "F.Fab")
      (effects (font (size 0.4 0.4) (thickness 0.06)))
    )
    (pad "1" smd roundrect (at -0.7875 0 180) (size 0.875 0.95) (layers "F.Cu" "F.Paste" "F.Mask") (roundrect_rratio 0.25)
      (net 12 "/ENA_A") (tstamp 1fef8977-ae4d-4596-9a24-c90de46370ce))
    (pad "2" smd roundrect (at 0.7875 0 180) (size 0.875 0.95) (layers "F.Cu" "F.Paste" "F.Mask") (roundrect_rratio 0.25)
      (net 3 "Net-(C1-Pad1)") (tstamp 28e2db19-3c9b-4811-b96e-6dc036bf03f0))
    (model "${KISYS3DMOD}/Resistor_SMD.3dshapes/R_0603_1608Metric.wrl"
      (at (xyz 0 0 0))
      (scale (xyz 1 1 1))
      (rotate (xyz 0 0 0))
    )
  )

  (module "Resistor_SMD:R_0603_1608Metric" (layer "F.Cu") (tedit 5B301BBD) (tstamp ca963a27-96a5-4d7c-8b33-013dfe8529dc)
    (at 130.2125 124.5 180)
    (descr "Resistor SMD 0603 (1608 Metric), square (rectangular) end terminal, IPC_7351 nominal, (Body size source: http://www.tortai-tech.com/upload/download/2011102023233369053.pdf), generated with kicad-footprint-generator")
    (tags "resistor")
    (path "/00000000-0000-0000-0000-00005ec5d210")
    (attr smd)
    (fp_text reference "R2" (at 2.75 0) (layer "F.SilkS")
      (effects (font (size 1 1) (thickness 0.15)))
    )
    (fp_text value "100k" (at 0 1.43) (layer "F.Fab")
      (effects (font (size 1 1) (thickness 0.15)))
    )
    (fp_text user "${REFERENCE}" (at 0 0) (layer "F.Fab")
      (effects (font (size 0.4 0.4) (thickness 0.06)))
    )
    (fp_line (start 1.48 0.73) (end -1.48 0.73) (layer "F.CrtYd") (width 0.05))
    (fp_line (start 1.48 -0.73) (end 1.48 0.73) (layer "F.CrtYd") (width 0.05))
    (fp_line (start -1.48 -0.73) (end 1.48 -0.73) (layer "F.CrtYd") (width 0.05))
    (fp_line (start -1.48 0.73) (end -1.48 -0.73) (layer "F.CrtYd") (width 0.05))
    (fp_line (start -0.162779 0.51) (end 0.162779 0.51) (layer "F.SilkS") (width 0.12))
    (fp_line (start -0.162779 -0.51) (end 0.162779 -0.51) (layer "F.SilkS") (width 0.12))
    (fp_line (start 0.8 0.4) (end -0.8 0.4) (layer "F.Fab") (width 0.1))
    (fp_line (start 0.8 -0.4) (end 0.8 0.4) (layer "F.Fab") (width 0.1))
    (fp_line (start -0.8 -0.4) (end 0.8 -0.4) (layer "F.Fab") (width 0.1))
    (fp_line (start -0.8 0.4) (end -0.8 -0.4) (layer "F.Fab") (width 0.1))
    (pad "2" smd roundrect (at 0.7875 0 180) (size 0.875 0.95) (layers "F.Cu" "F.Paste" "F.Mask") (roundrect_rratio 0.25)
      (net 4 "Net-(C2-Pad1)") (tstamp 28e2db19-3c9b-4811-b96e-6dc036bf03f0))
    (pad "1" smd roundrect (at -0.7875 0 180) (size 0.875 0.95) (layers "F.Cu" "F.Paste" "F.Mask") (roundrect_rratio 0.25)
      (net 9 "/ENA_B") (tstamp 1fef8977-ae4d-4596-9a24-c90de46370ce))
    (model "${KISYS3DMOD}/Resistor_SMD.3dshapes/R_0603_1608Metric.wrl"
      (at (xyz 0 0 0))
      (scale (xyz 1 1 1))
      (rotate (xyz 0 0 0))
    )
  )

  (module "Resistor_SMD:R_0603_1608Metric" (layer "F.Cu") (tedit 5B301BBD) (tstamp a0996aa2-4c40-40f6-ad8a-9873999865da)
    (at 114.5875 106)
    (descr "Resistor SMD 0603 (1608 Metric), square (rectangular) end terminal, IPC_7351 nominal, (Body size source: http://www.tortai-tech.com/upload/download/2011102023233369053.pdf), generated with kicad-footprint-generator")
    (tags "resistor")
    (path "/00000000-0000-0000-0000-00005ec7b62a")
    (attr smd)
    (fp_text reference "R3" (at -2.4625 0.25) (layer "F.SilkS")
      (effects (font (size 1 1) (thickness 0.15)))
    )
    (fp_text value "100" (at 0 1.43) (layer "F.Fab")
      (effects (font (size 1 1) (thickness 0.15)))
    )
    (fp_text user "${REFERENCE}" (at 0 0) (layer "F.Fab")
      (effects (font (size 0.4 0.4) (thickness 0.06)))
    )
    (fp_line (start 1.48 0.73) (end -1.48 0.73) (layer "F.CrtYd") (width 0.05))
    (fp_line (start 1.48 -0.73) (end 1.48 0.73) (layer "F.CrtYd") (width 0.05))
    (fp_line (start -1.48 -0.73) (end 1.48 -0.73) (layer "F.CrtYd") (width 0.05))
    (fp_line (start -1.48 0.73) (end -1.48 -0.73) (layer "F.CrtYd") (width 0.05))
    (fp_line (start -0.162779 0.51) (end 0.162779 0.51) (layer "F.SilkS") (width 0.12))
    (fp_line (start -0.162779 -0.51) (end 0.162779 -0.51) (layer "F.SilkS") (width 0.12))
    (fp_line (start 0.8 0.4) (end -0.8 0.4) (layer "F.Fab") (width 0.1))
    (fp_line (start 0.8 -0.4) (end 0.8 0.4) (layer "F.Fab") (width 0.1))
    (fp_line (start -0.8 -0.4) (end 0.8 -0.4) (layer "F.Fab") (width 0.1))
    (fp_line (start -0.8 0.4) (end -0.8 -0.4) (layer "F.Fab") (width 0.1))
    (pad "2" smd roundrect (at 0.7875 0) (size 0.875 0.95) (layers "F.Cu" "F.Paste" "F.Mask") (roundrect_rratio 0.25)
      (net 7 "Net-(C6-Pad1)") (tstamp 28e2db19-3c9b-4811-b96e-6dc036bf03f0))
    (pad "1" smd roundrect (at -0.7875 0) (size 0.875 0.95) (layers "F.Cu" "F.Paste" "F.Mask") (roundrect_rratio 0.25)
      (net 8 "Net-(D1-Pad1)") (tstamp 1fef8977-ae4d-4596-9a24-c90de46370ce))
    (model "${KISYS3DMOD}/Resistor_SMD.3dshapes/R_0603_1608Metric.wrl"
      (at (xyz 0 0 0))
      (scale (xyz 1 1 1))
      (rotate (xyz 0 0 0))
    )
  )

  (module "Capacitor_SMD:CP_Elec_8x5.4" (layer "F.Cu") (tedit 5BCA39D0) (tstamp 345eab14-9018-4061-a7b3-d8eab530c573)
    (at 130.25 106.3 -90)
    (descr "SMD capacitor, aluminum electrolytic, Nichicon, 8.0x5.4mm")
    (tags "capacitor electrolytic")
    (path "/00000000-0000-0000-0000-00005ec6cf92")
    (attr smd)
    (fp_text reference "C4" (at 5.45 -2.75 180) (layer "F.SilkS")
      (effects (font (size 1 1) (thickness 0.15)))
    )
    (fp_text value "100uF" (at 0 5.2 90) (layer "F.Fab")
      (effects (font (size 1 1) (thickness 0.15)))
    )
    (fp_text user "${REFERENCE}" (at 0 0 90) (layer "F.Fab")
      (effects (font (size 1 1) (thickness 0.15)))
    )
    (fp_line (start -5.3 1.5) (end -4.4 1.5) (layer "F.CrtYd") (width 0.05))
    (fp_line (start -5.3 -1.5) (end -5.3 1.5) (layer "F.CrtYd") (width 0.05))
    (fp_line (start -4.4 -1.5) (end -5.3 -1.5) (layer "F.CrtYd") (width 0.05))
    (fp_line (start -4.4 1.5) (end -4.4 3.25) (layer "F.CrtYd") (width 0.05))
    (fp_line (start -4.4 -3.25) (end -4.4 -1.5) (layer "F.CrtYd") (width 0.05))
    (fp_line (start -4.4 -3.25) (end -3.25 -4.4) (layer "F.CrtYd") (width 0.05))
    (fp_line (start -4.4 3.25) (end -3.25 4.4) (layer "F.CrtYd") (width 0.05))
    (fp_line (start -3.25 -4.4) (end 4.4 -4.4) (layer "F.CrtYd") (width 0.05))
    (fp_line (start -3.25 4.4) (end 4.4 4.4) (layer "F.CrtYd") (width 0.05))
    (fp_line (start 4.4 1.5) (end 4.4 4.4) (layer "F.CrtYd") (width 0.05))
    (fp_line (start 5.3 1.5) (end 4.4 1.5) (layer "F.CrtYd") (width 0.05))
    (fp_line (start 5.3 -1.5) (end 5.3 1.5) (layer "F.CrtYd") (width 0.05))
    (fp_line (start 4.4 -1.5) (end 5.3 -1.5) (layer "F.CrtYd") (width 0.05))
    (fp_line (start 4.4 -4.4) (end 4.4 -1.5) (layer "F.CrtYd") (width 0.05))
    (fp_line (start -5 -3.01) (end -5 -2.01) (layer "F.SilkS") (width 0.12))
    (fp_line (start -5.5 -2.51) (end -4.5 -2.51) (layer "F.SilkS") (width 0.12))
    (fp_line (start -4.26 3.195563) (end -3.195563 4.26) (layer "F.SilkS") (width 0.12))
    (fp_line (start -4.26 -3.195563) (end -3.195563 -4.26) (layer "F.SilkS") (width 0.12))
    (fp_line (start -4.26 -3.195563) (end -4.26 -1.51) (layer "F.SilkS") (width 0.12))
    (fp_line (start -4.26 3.195563) (end -4.26 1.51) (layer "F.SilkS") (width 0.12))
    (fp_line (start -3.195563 4.26) (end 4.26 4.26) (layer "F.SilkS") (width 0.12))
    (fp_line (start -3.195563 -4.26) (end 4.26 -4.26) (layer "F.SilkS") (width 0.12))
    (fp_line (start 4.26 -4.26) (end 4.26 -1.51) (layer "F.SilkS") (width 0.12))
    (fp_line (start 4.26 4.26) (end 4.26 1.51) (layer "F.SilkS") (width 0.12))
    (fp_line (start -3.162278 -1.9) (end -3.162278 -1.1) (layer "F.Fab") (width 0.1))
    (fp_line (start -3.562278 -1.5) (end -2.762278 -1.5) (layer "F.Fab") (width 0.1))
    (fp_line (start -4.15 3.15) (end -3.15 4.15) (layer "F.Fab") (width 0.1))
    (fp_line (start -4.15 -3.15) (end -3.15 -4.15) (layer "F.Fab") (width 0.1))
    (fp_line (start -4.15 -3.15) (end -4.15 3.15) (layer "F.Fab") (width 0.1))
    (fp_line (start -3.15 4.15) (end 4.15 4.15) (layer "F.Fab") (width 0.1))
    (fp_line (start -3.15 -4.15) (end 4.15 -4.15) (layer "F.Fab") (width 0.1))
    (fp_line (start 4.15 -4.15) (end 4.15 4.15) (layer "F.Fab") (width 0.1))
    (fp_circle (center 0 0) (end 4 0) (layer "F.Fab") (width 0.1))
    (pad "2" smd roundrect (at 3.05 0 270) (size 4 2.5) (layers "F.Cu" "F.Paste" "F.Mask") (roundrect_rratio 0.1)
      (net 2 "GND") (tstamp 81e89a3f-2758-4038-a796-08aaf03b4ce1))
    (pad "1" smd roundrect (at -3.05 0 270) (size 4 2.5) (layers "F.Cu" "F.Paste" "F.Mask") (roundrect_rratio 0.1)
      (net 1 "+12V") (tstamp bb51140a-8800-4541-aa29-8495e3aeabea))
    (model "${KISYS3DMOD}/Capacitor_SMD.3dshapes/CP_Elec_8x5.4.wrl"
      (at (xyz 0 0 0))
      (scale (xyz 1 1 1))
      (rotate (xyz 0 0 0))
    )
  )

  (module "Package_DIP:DIP-20_W7.62mm_LongPads" (layer "F.Cu") (tedit 5A02E8C5) (tstamp 6954ef28-bd9c-4c29-9c22-768cad4fb452)
    (at 116.25 108.75)
